-0.512454
-0.512210
-0.511966
-0.511722
-0.511477
-0.511233
-0.510989
-0.510745
-0.510501
-0.510256
-0.510012
-0.509768
-0.509524
-0.509280
-0.509035
-0.508791
-0.508547
-0.508303
-0.508059
-0.507814
-0.507570
-0.507326
-0.507082
-0.506838
-0.506593
-0.506349
-0.506105
-0.505861
-0.505617
-0.505372
-0.505128
-0.504884
-0.504640
-0.504396
-0.504151
-0.503907
-0.503663
-0.503419
-0.503175
-0.502930
-0.502686
-0.502442
-0.502198
-0.501954
-0.501709
-0.501465
-0.501221
-0.500977
-0.500733
-0.500488
-0.500244
-0.500000
-0.499756
-0.499512
-0.499267
-0.499023
-0.498779
-0.498535
-0.498291
-0.498046
-0.497802
-0.497558
-0.497314
-0.497070
-0.496825
-0.496581
-0.496337
-0.496093
-0.495849
-0.495604
-0.495360
-0.495116
-0.494872
-0.494628
-0.494383
-0.494139
-0.493895
-0.493651
-0.493407
-0.493162
-0.492918
-0.492674
-0.492430
-0.492186
-0.491941
-0.491697
-0.491453
-0.491209
-0.490965
-0.490720
-0.490476
-0.490232
-0.489988
-0.489744
-0.489499
-0.489255
-0.489011
-0.488767
-0.488523
-0.488278
-0.488034
-0.487790
-0.487546
-0.487302
-0.487057
-0.486813
-0.486569
-0.486325
-0.486081
-0.485836
-0.485592
-0.485348
-0.485104
-0.484860
-0.484615
-0.484371
-0.484127
-0.483883
-0.483639
-0.483394
-0.483150
-0.482906
-0.482662
-0.482418
-0.482173
-0.481929
-0.481685
-0.481441
-0.481197
-0.480952
-0.480708
-0.480464
-0.480220
-0.479976
-0.479731
-0.479487
-0.479243
-0.478999
-0.478755
-0.478510
-0.478266
-0.478022
-0.477778
-0.477534
-0.477289
-0.477045
-0.476801
-0.476557
-0.476313
-0.476068
-0.475824
-0.475580
-0.475336
-0.475092
-0.474847
-0.474603
-0.474359
-0.474115
-0.473871
-0.473626
-0.473382
-0.473138
-0.472894
-0.472650
-0.472405
-0.472161
-0.471917
-0.471673
-0.471429
-0.471184
-0.470940
-0.470696
-0.470452
-0.470208
-0.469963
-0.469719
-0.469475
-0.469231
-0.468987
-0.468742
-0.468498
-0.468254
-0.468010
-0.467766
-0.467521
-0.467277
-0.467033
-0.466789
-0.466545
-0.466300
-0.466056
-0.465812
-0.465568
-0.465324
-0.465079
-0.464835
-0.464591
-0.464347
-0.464103
-0.463858
-0.463614
-0.463370
-0.463126
-0.462882
-0.462637
-0.462393
-0.462149
-0.461905
-0.461661
-0.461416
-0.461172
-0.460928
-0.460684
-0.460440
-0.460195
-0.459951
-0.459707
-0.459463
-0.459219
-0.458974
-0.458730
-0.458486
-0.458242
-0.457998
-0.457753
-0.457509
-0.457265
-0.457021
-0.456777
-0.456532
-0.456288
-0.456044
-0.455800
-0.455556
-0.455311
-0.455067
-0.454823
-0.454579
-0.454335
-0.454090
-0.453846
-0.453602
-0.453358
-0.453114
-0.452869
-0.452625
-0.452381
-0.452137
-0.451893
-0.451648
-0.451404
-0.451160
-0.450916
-0.450672
-0.450427
-0.450183
-0.449939
-0.449695
-0.449451
-0.449206
-0.448962
-0.448718
-0.448474
-0.448230
-0.447985
-0.447741
-0.447497
-0.447253
-0.447009
-0.446764
-0.446520
-0.446276
-0.446032
-0.445788
-0.445543
-0.445299
-0.445055
-0.444811
-0.444567
-0.444322
-0.444078
-0.443834
-0.443590
-0.443346
-0.443101
-0.442857
-0.442613
-0.442369
-0.442125
-0.441880
-0.441636
-0.441392
-0.441148
-0.440904
-0.440659
-0.440415
-0.440171
-0.439927
-0.439683
-0.439438
-0.439194
-0.438950
-0.438706
-0.438462
-0.438217
-0.437973
-0.437729
-0.437485
-0.437241
-0.436996
-0.436752
-0.436508
-0.436264
-0.436020
-0.435775
-0.435531
-0.435287
-0.435043
-0.434799
-0.434554
-0.434310
-0.434066
-0.433822
-0.433578
-0.433333
-0.433089
-0.432845
-0.432601
-0.432357
-0.432112
-0.431868
-0.431624
-0.431380
-0.431136
-0.430891
-0.430647
-0.430403
-0.430159
-0.429915
-0.429670
-0.429426
-0.429182
-0.428938
-0.428694
-0.428449
-0.428205
-0.427961
-0.427717
-0.427473
-0.427228
-0.426984
-0.426740
-0.426496
-0.426252
-0.426007
-0.425763
-0.425519
-0.425275
-0.425031
-0.424786
-0.424542
-0.424298
-0.424054
-0.423810
-0.423565
-0.423321
-0.423077
-0.422833
-0.422589
-0.422344
-0.422100
-0.421856
-0.421612
-0.421368
-0.421123
-0.420879
-0.420635
-0.420391
-0.420147
-0.419902
-0.419658
-0.419414
-0.419170
-0.418926
-0.418681
-0.418437
-0.418193
-0.417949
-0.417705
-0.417460
-0.417216
-0.416972
-0.416728
-0.416484
-0.416239
-0.415995
-0.415751
-0.415507
-0.415263
-0.415018
-0.414774
-0.414530
-0.414286
-0.414042
-0.413797
-0.413553
-0.413309
-0.413065
-0.412821
-0.412576
-0.412332
-0.412088
-0.411844
-0.411600
-0.411355
-0.411111
-0.410867
-0.410623
-0.410379
-0.410134
-0.409890
-0.409646
-0.409402
-0.409158
-0.408913
-0.408669
-0.408425
-0.408181
-0.407937
-0.407692
-0.407448
-0.407204
-0.406960
-0.406716
-0.406471
-0.406227
-0.405983
-0.405739
-0.405495
-0.405250
-0.405006
-0.404762
-0.404518
-0.404274
-0.404029
-0.403785
-0.403541
-0.403297
-0.403053
-0.402808
-0.402564
-0.402320
-0.402076
-0.401832
-0.401587
-0.401343
-0.401099
-0.400855
-0.400611
-0.400366
-0.400122
-0.399878
-0.399634
-0.399389
-0.399145
-0.398901
-0.398657
-0.398413
-0.398168
-0.397924
-0.397680
-0.397436
-0.397192
-0.396947
-0.396703
-0.396459
-0.396215
-0.395971
-0.395726
-0.395482
-0.395238
-0.394994
-0.394750
-0.394505
-0.394261
-0.394017
-0.393773
-0.393529
-0.393284
-0.393040
-0.392796
-0.392552
-0.392308
-0.392063
-0.391819
-0.391575
-0.391331
-0.391087
-0.390842
-0.390598
-0.390354
-0.390110
-0.389866
-0.389621
-0.389377
-0.389133
-0.388889
-0.388645
-0.388400
-0.388156
-0.387912
-0.387668
-0.387424
-0.387179
-0.386935
-0.386691
-0.386447
-0.386203
-0.385958
-0.385714
-0.385470
-0.385226
-0.384982
-0.384737
-0.384493
-0.384249
-0.384005
-0.383761
-0.383516
-0.383272
-0.383028
-0.382784
-0.382540
-0.382295
-0.382051
-0.381807
-0.381563
-0.381319
-0.381074
-0.380830
-0.380586
-0.380342
-0.380098
-0.379853
-0.379609
-0.379365
-0.379121
-0.378877
-0.378632
-0.378388
-0.378144
-0.377900
-0.377656
-0.377411
-0.377167
-0.376923
-0.376679
-0.376435
-0.376190
-0.375946
-0.375702
-0.375458
-0.375214
-0.374969
-0.374725
-0.374481
-0.374237
-0.373993
-0.373748
-0.373504
-0.373260
-0.373016
-0.372772
-0.372527
-0.372283
-0.372039
-0.371795
-0.371551
-0.371306
-0.371062
-0.370818
-0.370574
-0.370330
-0.370085
-0.369841
-0.369597
-0.369353
-0.369109
-0.368864
-0.368620
-0.368376
-0.368132
-0.367888
-0.367643
-0.367399
-0.367155
-0.366911
-0.366667
-0.366422
-0.366178
-0.365934
-0.365690
-0.365446
-0.365201
-0.364957
-0.364713
-0.364469
-0.364225
-0.363980
-0.363736
-0.363492
-0.363248
-0.363004
-0.362759
-0.362515
-0.362271
-0.362027
-0.361783
-0.361538
-0.361294
-0.361050
-0.360806
-0.360562
-0.360317
-0.360073
-0.359829
-0.359585
-0.359341
-0.359096
-0.358852
-0.358608
-0.358364
-0.358120
-0.357875
-0.357631
-0.357387
-0.357143
-0.356899
-0.356654
-0.356410
-0.356166
-0.355922
-0.355678
-0.355433
-0.355189
-0.354945
-0.354701
-0.354457
-0.354212
-0.353968
-0.353724
-0.353480
-0.353236
-0.352991
-0.352747
-0.352503
-0.352259
-0.352015
-0.351770
-0.351526
-0.351282
-0.351038
-0.350794
-0.350549
-0.350305
-0.350061
-0.349817
-0.349573
-0.349328
-0.349084
-0.348840
-0.348596
-0.348352
-0.348107
-0.347863
-0.347619
-0.347375
-0.347131
-0.346886
-0.346642
-0.346398
-0.346154
-0.345910
-0.345665
-0.345421
-0.345177
-0.344933
-0.344689
-0.344444
-0.344200
-0.343956
-0.343712
-0.343468
-0.343223
-0.342979
-0.342735
-0.342491
-0.342247
-0.342002
-0.341758
-0.341514
-0.341270
-0.341026
-0.340781
-0.340537
-0.340293
-0.340049
-0.339805
-0.339560
-0.339316
-0.339072
-0.338828
-0.338584
-0.338339
-0.338095
-0.337851
-0.337607
-0.337363
-0.337118
-0.336874
-0.336630
-0.336386
-0.336142
-0.335897
-0.335653
-0.335409
-0.335165
-0.334921
-0.334676
-0.334432
-0.334188
-0.333944
-0.333700
-0.333455
-0.333211
-0.332967
-0.332723
-0.332479
-0.332234
-0.331990
-0.331746
-0.331502
-0.331258
-0.331013
-0.330769
-0.330525
-0.330281
-0.330037
-0.329792
-0.329548
-0.329304
-0.329060
-0.328816
-0.328571
-0.328327
-0.328083
-0.327839
-0.327595
-0.327350
-0.327106
-0.326862
-0.326618
-0.326374
-0.326129
-0.325885
-0.325641
-0.325397
-0.325153
-0.324908
-0.324664
-0.324420
-0.324176
-0.323932
-0.323687
-0.323443
-0.323199
-0.322955
-0.322711
-0.322466
-0.322222
-0.321978
-0.321734
-0.321490
-0.321245
-0.321001
-0.320757
-0.320513
-0.320269
-0.320024
-0.319780
-0.319536
-0.319292
-0.319048
-0.318803
-0.318559
-0.318315
-0.318071
-0.317827
-0.317582
-0.317338
-0.317094
-0.316850
-0.316606
-0.316361
-0.316117
-0.315873
-0.315629
-0.315385
-0.315140
-0.314896
-0.314652
-0.314408
-0.314164
-0.313919
-0.313675
-0.313431
-0.313187
-0.312943
-0.312698
-0.312454
-0.312210
-0.311966
-0.311722
-0.311477
-0.311233
-0.310989
-0.310745
-0.310501
-0.310256
-0.310012
-0.309768
-0.309524
-0.309280
-0.309035
-0.308791
-0.308547
-0.308303
-0.308059
-0.307814
-0.307570
-0.307326
-0.307082
-0.306838
-0.306593
-0.306349
-0.306105
-0.305861
-0.305617
-0.305372
-0.305128
-0.304884
-0.304640
-0.304396
-0.304151
-0.303907
-0.303663
-0.303419
-0.303175
-0.302930
-0.302686
-0.302442
-0.302198
-0.301954
-0.301709
-0.301465
-0.301221
-0.300977
-0.300733
-0.300488
-0.300244
-0.300000
-0.299756
-0.299512
-0.299267
-0.299023
-0.298779
-0.298535
-0.298291
-0.298046
-0.297802
-0.297558
-0.297314
-0.297070
-0.296825
-0.296581
-0.296337
-0.296093
-0.295849
-0.295604
-0.295360
-0.295116
-0.294872
-0.294628
-0.294383
-0.294139
-0.293895
-0.293651
-0.293407
-0.293162
-0.292918
-0.292674
-0.292430
-0.292186
-0.291941
-0.291697
-0.291453
-0.291209
-0.290965
-0.290720
-0.290476
-0.290232
-0.289988
-0.289744
-0.289499
-0.289255
-0.289011
-0.288767
-0.288523
-0.288278
-0.288034
-0.287790
-0.287546
-0.287302
-0.287057
-0.286813
-0.286569
-0.286325
-0.286081
-0.285836
-0.285592
-0.285348
-0.285104
-0.284860
-0.284615
-0.284371
-0.284127
-0.283883
-0.283639
-0.283394
-0.283150
-0.282906
-0.282662
-0.282418
-0.282173
-0.281929
-0.281685
-0.281441
-0.281197
-0.280952
-0.280708
-0.280464
-0.280220
-0.279976
-0.279731
-0.279487
-0.279243
-0.278999
-0.278755
-0.278510
-0.278266
-0.278022
-0.277778
-0.277534
-0.277289
-0.277045
-0.276801
-0.276557
-0.276313
-0.276068
-0.275824
-0.275580
-0.275336
-0.275092
-0.274847
-0.274603
-0.274359
-0.274115
-0.273871
-0.273626
-0.273382
-0.273138
-0.272894
-0.272650
-0.272405
-0.272161
-0.271917
-0.271673
-0.271429
-0.271184
-0.270940
-0.270696
-0.270452
-0.270208
-0.269963
-0.269719
-0.269475
-0.269231
-0.268987
-0.268742
-0.268498
-0.268254
-0.268010
-0.267766
-0.267521
-0.267277
-0.267033
-0.266789
-0.266545
-0.266300
-0.266056
-0.265812
-0.265568
-0.265324
-0.265079
-0.264835
-0.264591
-0.264347
-0.264103
-0.263858
-0.263614
-0.263370
-0.263126
-0.262882
-0.262637
-0.262393
-0.262149
-0.261905
-0.261661
-0.261416
-0.261172
-0.260928
-0.260684
-0.260440
-0.260195
-0.259951
-0.259707
-0.259463
-0.259219
-0.258974
-0.258730
-0.258486
-0.258242
-0.257998
-0.257753
-0.257509
-0.257265
-0.257021
-0.256777
-0.256532
-0.256288
-0.256044
-0.255800
-0.255556
-0.255311
-0.255067
-0.254823
-0.254579
-0.254335
-0.254090
-0.253846
-0.253602
-0.253358
-0.253114
-0.252869
-0.252625
-0.252381
-0.252137
-0.251893
-0.251648
-0.251404
-0.251160
-0.250916
-0.250672
-0.250427
-0.250183
-0.249939
-0.249695
-0.249451
-0.249206
-0.248962
-0.248718
-0.248474
-0.248230
-0.247985
-0.247741
-0.247497
-0.247253
-0.247009
-0.246764
-0.246520
-0.246276
-0.246032
-0.245788
-0.245543
-0.245299
-0.245055
-0.244811
-0.244567
-0.244322
-0.244078
-0.243834
-0.243590
-0.243346
-0.243101
-0.242857
-0.242613
-0.242369
-0.242125
-0.241880
-0.241636
-0.241392
-0.241148
-0.240904
-0.240659
-0.240415
-0.240171
-0.239927
-0.239683
-0.239438
-0.239194
-0.238950
-0.238706
-0.238462
-0.238217
-0.237973
-0.237729
-0.237485
-0.237241
-0.236996
-0.236752
-0.236508
-0.236264
-0.236020
-0.235775
-0.235531
-0.235287
-0.235043
-0.234799
-0.234554
-0.234310
-0.234066
-0.233822
-0.233578
-0.233333
-0.233089
-0.232845
-0.232601
-0.232357
-0.232112
-0.231868
-0.231624
-0.231380
-0.231136
-0.230891
-0.230647
-0.230403
-0.230159
-0.229915
-0.229670
-0.229426
-0.229182
-0.228938
-0.228694
-0.228449
-0.228205
-0.227961
-0.227717
-0.227473
-0.227228
-0.226984
-0.226740
-0.226496
-0.226252
-0.226007
-0.225763
-0.225519
-0.225275
-0.225031
-0.224786
-0.224542
-0.224298
-0.224054
-0.223810
-0.223565
-0.223321
-0.223077
-0.222833
-0.222589
-0.222344
-0.222100
-0.221856
-0.221612
-0.221368
-0.221123
-0.220879
-0.220635
-0.220391
-0.220147
-0.219902
-0.219658
-0.219414
-0.219170
-0.218926
-0.218681
-0.218437
-0.218193
-0.217949
-0.217705
-0.217460
-0.217216
-0.216972
-0.216728
-0.216484
-0.216239
-0.215995
-0.215751
-0.215507
-0.215263
-0.215018
-0.214774
-0.214530
-0.214286
-0.214042
-0.213797
-0.213553
-0.213309
-0.213065
-0.212821
-0.212576
-0.212332
-0.212088
-0.211844
-0.211600
-0.211355
-0.211111
-0.210867
-0.210623
-0.210379
-0.210134
-0.209890
-0.209646
-0.209402
-0.209158
-0.208913
-0.208669
-0.208425
-0.208181
-0.207937
-0.207692
-0.207448
-0.207204
-0.206960
-0.206716
-0.206471
-0.206227
-0.205983
-0.205739
-0.205495
-0.205250
-0.205006
-0.204762
-0.204518
-0.204274
-0.204029
-0.203785
-0.203541
-0.203297
-0.203053
-0.202808
-0.202564
-0.202320
-0.202076
-0.201832
-0.201587
-0.201343
-0.201099
-0.200855
-0.200611
-0.200366
-0.200122
-0.199878
-0.199634
-0.199389
-0.199145
-0.198901
-0.198657
-0.198413
-0.198168
-0.197924
-0.197680
-0.197436
-0.197192
-0.196947
-0.196703
-0.196459
-0.196215
-0.195971
-0.195726
-0.195482
-0.195238
-0.194994
-0.194750
-0.194505
-0.194261
-0.194017
-0.193773
-0.193529
-0.193284
-0.193040
-0.192796
-0.192552
-0.192308
-0.192063
-0.191819
-0.191575
-0.191331
-0.191087
-0.190842
-0.190598
-0.190354
-0.190110
-0.189866
-0.189621
-0.189377
-0.189133
-0.188889
-0.188645
-0.188400
-0.188156
-0.187912
-0.187668
-0.187424
-0.187179
-0.186935
-0.186691
-0.186447
-0.186203
-0.185958
-0.185714
-0.185470
-0.185226
-0.184982
-0.184737
-0.184493
-0.184249
-0.184005
-0.183761
-0.183516
-0.183272
-0.183028
-0.182784
-0.182540
-0.182295
-0.182051
-0.181807
-0.181563
-0.181319
-0.181074
-0.180830
-0.180586
-0.180342
-0.180098
-0.179853
-0.179609
-0.179365
-0.179121
-0.178877
-0.178632
-0.178388
-0.178144
-0.177900
-0.177656
-0.177411
-0.177167
-0.176923
-0.176679
-0.176435
-0.176190
-0.175946
-0.175702
-0.175458
-0.175214
-0.174969
-0.174725
-0.174481
-0.174237
-0.173993
-0.173748
-0.173504
-0.173260
-0.173016
-0.172772
-0.172527
-0.172283
-0.172039
-0.171795
-0.171551
-0.171306
-0.171062
-0.170818
-0.170574
-0.170330
-0.170085
-0.169841
-0.169597
-0.169353
-0.169109
-0.168864
-0.168620
-0.168376
-0.168132
-0.167888
-0.167643
-0.167399
-0.167155
-0.166911
-0.166667
-0.166422
-0.166178
-0.165934
-0.165690
-0.165446
-0.165201
-0.164957
-0.164713
-0.164469
-0.164225
-0.163980
-0.163736
-0.163492
-0.163248
-0.163004
-0.162759
-0.162515
-0.162271
-0.162027
-0.161783
-0.161538
-0.161294
-0.161050
-0.160806
-0.160562
-0.160317
-0.160073
-0.159829
-0.159585
-0.159341
-0.159096
-0.158852
-0.158608
-0.158364
-0.158120
-0.157875
-0.157631
-0.157387
-0.157143
-0.156899
-0.156654
-0.156410
-0.156166
-0.155922
-0.155678
-0.155433
-0.155189
-0.154945
-0.154701
-0.154457
-0.154212
-0.153968
-0.153724
-0.153480
-0.153236
-0.152991
-0.152747
-0.152503
-0.152259
-0.152015
-0.151770
-0.151526
-0.151282
-0.151038
-0.150794
-0.150549
-0.150305
-0.150061
-0.149817
-0.149573
-0.149328
-0.149084
-0.148840
-0.148596
-0.148352
-0.148107
-0.147863
-0.147619
-0.147375
-0.147131
-0.146886
-0.146642
-0.146398
-0.146154
-0.145910
-0.145665
-0.145421
-0.145177
-0.144933
-0.144689
-0.144444
-0.144200
-0.143956
-0.143712
-0.143468
-0.143223
-0.142979
-0.142735
-0.142491
-0.142247
-0.142002
-0.141758
-0.141514
-0.141270
-0.141026
-0.140781
-0.140537
-0.140293
-0.140049
-0.139805
-0.139560
-0.139316
-0.139072
-0.138828
-0.138584
-0.138339
-0.138095
-0.137851
-0.137607
-0.137363
-0.137118
-0.136874
-0.136630
-0.136386
-0.136142
-0.135897
-0.135653
-0.135409
-0.135165
-0.134921
-0.134676
-0.134432
-0.134188
-0.133944
-0.133700
-0.133455
-0.133211
-0.132967
-0.132723
-0.132479
-0.132234
-0.131990
-0.131746
-0.131502
-0.131258
-0.131013
-0.130769
-0.130525
-0.130281
-0.130037
-0.129792
-0.129548
-0.129304
-0.129060
-0.128816
-0.128571
-0.128327
-0.128083
-0.127839
-0.127595
-0.127350
-0.127106
-0.126862
-0.126618
-0.126374
-0.126129
-0.125885
-0.125641
-0.125397
-0.125153
-0.124908
-0.124664
-0.124420
-0.124176
-0.123932
-0.123687
-0.123443
-0.123199
-0.122955
-0.122711
-0.122466
-0.122222
-0.121978
-0.121734
-0.121490
-0.121245
-0.121001
-0.120757
-0.120513
-0.120269
-0.120024
-0.119780
-0.119536
-0.119292
-0.119048
-0.118803
-0.118559
-0.118315
-0.118071
-0.117827
-0.117582
-0.117338
-0.117094
-0.116850
-0.116606
-0.116361
-0.116117
-0.115873
-0.115629
-0.115385
-0.115140
-0.114896
-0.114652
-0.114408
-0.114164
-0.113919
-0.113675
-0.113431
-0.113187
-0.112943
-0.112698
-0.112454
-0.112210
-0.111966
-0.111722
-0.111477
-0.111233
-0.110989
-0.110745
-0.110501
-0.110256
-0.110012
-0.109768
-0.109524
-0.109280
-0.109035
-0.108791
-0.108547
-0.108303
-0.108059
-0.107814
-0.107570
-0.107326
-0.107082
-0.106838
-0.106593
-0.106349
-0.106105
-0.105861
-0.105617
-0.105372
-0.105128
-0.104884
-0.104640
-0.104396
-0.104151
-0.103907
-0.103663
-0.103419
-0.103175
-0.102930
-0.102686
-0.102442
-0.102198
-0.101954
-0.101709
-0.101465
-0.101221
-0.100977
-0.100733
-0.100488
-0.100244
-0.100000
-0.099756
-0.099512
-0.099267
-0.099023
-0.098779
-0.098535
-0.098291
-0.098046
-0.097802
-0.097558
-0.097314
-0.097070
-0.096825
-0.096581
-0.096337
-0.096093
-0.095849
-0.095604
-0.095360
-0.095116
-0.094872
-0.094628
-0.094383
-0.094139
-0.093895
-0.093651
-0.093407
-0.093162
-0.092918
-0.092674
-0.092430
-0.092186
-0.091941
-0.091697
-0.091453
-0.091209
-0.090965
-0.090720
-0.090476
-0.090232
-0.089988
-0.089744
-0.089499
-0.089255
-0.089011
-0.088767
-0.088523
-0.088278
-0.088034
-0.087790
-0.087546
-0.087302
-0.087057
-0.086813
-0.086569
-0.086325
-0.086081
-0.085836
-0.085592
-0.085348
-0.085104
-0.084860
-0.084615
-0.084371
-0.084127
-0.083883
-0.083639
-0.083394
-0.083150
-0.082906
-0.082662
-0.082418
-0.082173
-0.081929
-0.081685
-0.081441
-0.081197
-0.080952
-0.080708
-0.080464
-0.080220
-0.079976
-0.079731
-0.079487
-0.079243
-0.078999
-0.078755
-0.078510
-0.078266
-0.078022
-0.077778
-0.077534
-0.077289
-0.077045
-0.076801
-0.076557
-0.076313
-0.076068
-0.075824
-0.075580
-0.075336
-0.075092
-0.074847
-0.074603
-0.074359
-0.074115
-0.073871
-0.073626
-0.073382
-0.073138
-0.072894
-0.072650
-0.072405
-0.072161
-0.071917
-0.071673
-0.071429
-0.071184
-0.070940
-0.070696
-0.070452
-0.070208
-0.069963
-0.069719
-0.069475
-0.069231
-0.068987
-0.068742
-0.068498
-0.068254
-0.068010
-0.067766
-0.067521
-0.067277
-0.067033
-0.066789
-0.066545
-0.066300
-0.066056
-0.065812
-0.065568
-0.065324
-0.065079
-0.064835
-0.064591
-0.064347
-0.064103
-0.063858
-0.063614
-0.063370
-0.063126
-0.062882
-0.062637
-0.062393
-0.062149
-0.061905
-0.061661
-0.061416
-0.061172
-0.060928
-0.060684
-0.060440
-0.060195
-0.059951
-0.059707
-0.059463
-0.059219
-0.058974
-0.058730
-0.058486
-0.058242
-0.057998
-0.057753
-0.057509
-0.057265
-0.057021
-0.056777
-0.056532
-0.056288
-0.056044
-0.055800
-0.055556
-0.055311
-0.055067
-0.054823
-0.054579
-0.054335
-0.054090
-0.053846
-0.053602
-0.053358
-0.053114
-0.052869
-0.052625
-0.052381
-0.052137
-0.051893
-0.051648
-0.051404
-0.051160
-0.050916
-0.050672
-0.050427
-0.050183
-0.049939
-0.049695
-0.049451
-0.049206
-0.048962
-0.048718
-0.048474
-0.048230
-0.047985
-0.047741
-0.047497
-0.047253
-0.047009
-0.046764
-0.046520
-0.046276
-0.046032
-0.045788
-0.045543
-0.045299
-0.045055
-0.044811
-0.044567
-0.044322
-0.044078
-0.043834
-0.043590
-0.043346
-0.043101
-0.042857
-0.042613
-0.042369
-0.042125
-0.041880
-0.041636
-0.041392
-0.041148
-0.040904
-0.040659
-0.040415
-0.040171
-0.039927
-0.039683
-0.039438
-0.039194
-0.038950
-0.038706
-0.038462
-0.038217
-0.037973
-0.037729
-0.037485
-0.037241
-0.036996
-0.036752
-0.036508
-0.036264
-0.036020
-0.035775
-0.035531
-0.035287
-0.035043
-0.034799
-0.034554
-0.034310
-0.034066
-0.033822
-0.033578
-0.033333
-0.033089
-0.032845
-0.032601
-0.032357
-0.032112
-0.031868
-0.031624
-0.031380
-0.031136
-0.030891
-0.030647
-0.030403
-0.030159
-0.029915
-0.029670
-0.029426
-0.029182
-0.028938
-0.028694
-0.028449
-0.028205
-0.027961
-0.027717
-0.027473
-0.027228
-0.026984
-0.026740
-0.026496
-0.026252
-0.026007
-0.025763
-0.025519
-0.025275
-0.025031
-0.024786
-0.024542
-0.024298
-0.024054
-0.023810
-0.023565
-0.023321
-0.023077
-0.022833
-0.022589
-0.022344
-0.022100
-0.021856
-0.021612
-0.021368
-0.021123
-0.020879
-0.020635
-0.020391
-0.020147
-0.019902
-0.019658
-0.019414
-0.019170
-0.018926
-0.018681
-0.018437
-0.018193
-0.017949
-0.017705
-0.017460
-0.017216
-0.016972
-0.016728
-0.016484
-0.016239
-0.015995
-0.015751
-0.015507
-0.015263
-0.015018
-0.014774
-0.014530
-0.014286
-0.014042
-0.013797
-0.013553
-0.013309
-0.013065
-0.012821
-0.012576
-0.012332
-0.012088
-0.011844
-0.011600
-0.011355
-0.011111
-0.010867
-0.010623
-0.010379
-0.010134
-0.009890
-0.009646
-0.009402
-0.009158
-0.008913
-0.008669
-0.008425
-0.008181
-0.007937
-0.007692
-0.007448
-0.007204
-0.006960
-0.006716
-0.006471
-0.006227
-0.005983
-0.005739
-0.005495
-0.005250
-0.005006
-0.004762
-0.004518
-0.004274
-0.004029
-0.003785
-0.003541
-0.003297
-0.003053
-0.002808
-0.002564
-0.002320
-0.002076
-0.001832
-0.001587
-0.001343
-0.001099
-0.000855
-0.000611
-0.000366
-0.000122
0.000122
0.000366
0.000611
0.000855
0.001099
0.001343
0.001587
0.001832
0.002076
0.002320
0.002564
0.002808
0.003053
0.003297
0.003541
0.003785
0.004029
0.004274
0.004518
0.004762
0.005006
0.005250
0.005495
0.005739
0.005983
0.006227
0.006471
0.006716
0.006960
0.007204
0.007448
0.007692
0.007937
0.008181
0.008425
0.008669
0.008913
0.009158
0.009402
0.009646
0.009890
0.010134
0.010379
0.010623
0.010867
0.011111
0.011355
0.011600
0.011844
0.012088
0.012332
0.012576
0.012821
0.013065
0.013309
0.013553
0.013797
0.014042
0.014286
0.014530
0.014774
0.015018
0.015263
0.015507
0.015751
0.015995
0.016239
0.016484
0.016728
0.016972
0.017216
0.017460
0.017705
0.017949
0.018193
0.018437
0.018681
0.018926
0.019170
0.019414
0.019658
0.019902
0.020147
0.020391
0.020635
0.020879
0.021123
0.021368
0.021612
0.021856
0.022100
0.022344
0.022589
0.022833
0.023077
0.023321
0.023565
0.023810
0.024054
0.024298
0.024542
0.024786
0.025031
0.025275
0.025519
0.025763
0.026007
0.026252
0.026496
0.026740
0.026984
0.027228
0.027473
0.027717
0.027961
0.028205
0.028449
0.028694
0.028938
0.029182
0.029426
0.029670
0.029915
0.030159
0.030403
0.030647
0.030891
0.031136
0.031380
0.031624
0.031868
0.032112
0.032357
0.032601
0.032845
0.033089
0.033333
0.033578
0.033822
0.034066
0.034310
0.034554
0.034799
0.035043
0.035287
0.035531
0.035775
0.036020
0.036264
0.036508
0.036752
0.036996
0.037241
0.037485
0.037729
0.037973
0.038217
0.038462
0.038706
0.038950
0.039194
0.039438
0.039683
0.039927
0.040171
0.040415
0.040659
0.040904
0.041148
0.041392
0.041636
0.041880
0.042125
0.042369
0.042613
0.042857
0.043101
0.043346
0.043590
0.043834
0.044078
0.044322
0.044567
0.044811
0.045055
0.045299
0.045543
0.045788
0.046032
0.046276
0.046520
0.046764
0.047009
0.047253
0.047497
0.047741
0.047985
0.048230
0.048474
0.048718
0.048962
0.049206
0.049451
0.049695
0.049939
0.050183
0.050427
0.050672
0.050916
0.051160
0.051404
0.051648
0.051893
0.052137
0.052381
0.052625
0.052869
0.053114
0.053358
0.053602
0.053846
0.054090
0.054335
0.054579
0.054823
0.055067
0.055311
0.055556
0.055800
0.056044
0.056288
0.056532
0.056777
0.057021
0.057265
0.057509
0.057753
0.057998
0.058242
0.058486
0.058730
0.058974
0.059219
0.059463
0.059707
0.059951
0.060195
0.060440
0.060684
0.060928
0.061172
0.061416
0.061661
0.061905
0.062149
0.062393
0.062637
0.062882
0.063126
0.063370
0.063614
0.063858
0.064103
0.064347
0.064591
0.064835
0.065079
0.065324
0.065568
0.065812
0.066056
0.066300
0.066545
0.066789
0.067033
0.067277
0.067521
0.067766
0.068010
0.068254
0.068498
0.068742
0.068987
0.069231
0.069475
0.069719
0.069963
0.070208
0.070452
0.070696
0.070940
0.071184
0.071429
0.071673
0.071917
0.072161
0.072405
0.072650
0.072894
0.073138
0.073382
0.073626
0.073871
0.074115
0.074359
0.074603
0.074847
0.075092
0.075336
0.075580
0.075824
0.076068
0.076313
0.076557
0.076801
0.077045
0.077289
0.077534
0.077778
0.078022
0.078266
0.078510
0.078755
0.078999
0.079243
0.079487
0.079731
0.079976
0.080220
0.080464
0.080708
0.080952
0.081197
0.081441
0.081685
0.081929
0.082173
0.082418
0.082662
0.082906
0.083150
0.083394
0.083639
0.083883
0.084127
0.084371
0.084615
0.084860
0.085104
0.085348
0.085592
0.085836
0.086081
0.086325
0.086569
0.086813
0.087057
0.087302
0.087546
0.087790
0.088034
0.088278
0.088523
0.088767
0.089011
0.089255
0.089499
0.089744
0.089988
0.090232
0.090476
0.090720
0.090965
0.091209
0.091453
0.091697
0.091941
0.092186
0.092430
0.092674
0.092918
0.093162
0.093407
0.093651
0.093895
0.094139
0.094383
0.094628
0.094872
0.095116
0.095360
0.095604
0.095849
0.096093
0.096337
0.096581
0.096825
0.097070
0.097314
0.097558
0.097802
0.098046
0.098291
0.098535
0.098779
0.099023
0.099267
0.099512
0.099756
0.100000
0.100244
0.100488
0.100733
0.100977
0.101221
0.101465
0.101709
0.101954
0.102198
0.102442
0.102686
0.102930
0.103175
0.103419
0.103663
0.103907
0.104151
0.104396
0.104640
0.104884
0.105128
0.105372
0.105617
0.105861
0.106105
0.106349
0.106593
0.106838
0.107082
0.107326
0.107570
0.107814
0.108059
0.108303
0.108547
0.108791
0.109035
0.109280
0.109524
0.109768
0.110012
0.110256
0.110501
0.110745
0.110989
0.111233
0.111477
0.111722
0.111966
0.112210
0.112454
0.112698
0.112943
0.113187
0.113431
0.113675
0.113919
0.114164
0.114408
0.114652
0.114896
0.115140
0.115385
0.115629
0.115873
0.116117
0.116361
0.116606
0.116850
0.117094
0.117338
0.117582
0.117827
0.118071
0.118315
0.118559
0.118803
0.119048
0.119292
0.119536
0.119780
0.120024
0.120269
0.120513
0.120757
0.121001
0.121245
0.121490
0.121734
0.121978
0.122222
0.122466
0.122711
0.122955
0.123199
0.123443
0.123687
0.123932
0.124176
0.124420
0.124664
0.124908
0.125153
0.125397
0.125641
0.125885
0.126129
0.126374
0.126618
0.126862
0.127106
0.127350
0.127595
0.127839
0.128083
0.128327
0.128571
0.128816
0.129060
0.129304
0.129548
0.129792
0.130037
0.130281
0.130525
0.130769
0.131013
0.131258
0.131502
0.131746
0.131990
0.132234
0.132479
0.132723
0.132967
0.133211
0.133455
0.133700
0.133944
0.134188
0.134432
0.134676
0.134921
0.135165
0.135409
0.135653
0.135897
0.136142
0.136386
0.136630
0.136874
0.137118
0.137363
0.137607
0.137851
0.138095
0.138339
0.138584
0.138828
0.139072
0.139316
0.139560
0.139805
0.140049
0.140293
0.140537
0.140781
0.141026
0.141270
0.141514
0.141758
0.142002
0.142247
0.142491
0.142735
0.142979
0.143223
0.143468
0.143712
0.143956
0.144200
0.144444
0.144689
0.144933
0.145177
0.145421
0.145665
0.145910
0.146154
0.146398
0.146642
0.146886
0.147131
0.147375
0.147619
0.147863
0.148107
0.148352
0.148596
0.148840
0.149084
0.149328
0.149573
0.149817
0.150061
0.150305
0.150549
0.150794
0.151038
0.151282
0.151526
0.151770
0.152015
0.152259
0.152503
0.152747
0.152991
0.153236
0.153480
0.153724
0.153968
0.154212
0.154457
0.154701
0.154945
0.155189
0.155433
0.155678
0.155922
0.156166
0.156410
0.156654
0.156899
0.157143
0.157387
0.157631
0.157875
0.158120
0.158364
0.158608
0.158852
0.159096
0.159341
0.159585
0.159829
0.160073
0.160317
0.160562
0.160806
0.161050
0.161294
0.161538
0.161783
0.162027
0.162271
0.162515
0.162759
0.163004
0.163248
0.163492
0.163736
0.163980
0.164225
0.164469
0.164713
0.164957
0.165201
0.165446
0.165690
0.165934
0.166178
0.166422
0.166667
0.166911
0.167155
0.167399
0.167643
0.167888
0.168132
0.168376
0.168620
0.168864
0.169109
0.169353
0.169597
0.169841
0.170085
0.170330
0.170574
0.170818
0.171062
0.171306
0.171551
0.171795
0.172039
0.172283
0.172527
0.172772
0.173016
0.173260
0.173504
0.173748
0.173993
0.174237
0.174481
0.174725
0.174969
0.175214
0.175458
0.175702
0.175946
0.176190
0.176435
0.176679
0.176923
0.177167
0.177411
0.177656
0.177900
0.178144
0.178388
0.178632
0.178877
0.179121
0.179365
0.179609
0.179853
0.180098
0.180342
0.180586
0.180830
0.181074
0.181319
0.181563
0.181807
0.182051
0.182295
0.182540
0.182784
0.183028
0.183272
0.183516
0.183761
0.184005
0.184249
0.184493
0.184737
0.184982
0.185226
0.185470
0.185714
0.185958
0.186203
0.186447
0.186691
0.186935
0.187179
0.187424
0.187668
0.187912
0.188156
0.188400
0.188645
0.188889
0.189133
0.189377
0.189621
0.189866
0.190110
0.190354
0.190598
0.190842
0.191087
0.191331
0.191575
0.191819
0.192063
0.192308
0.192552
0.192796
0.193040
0.193284
0.193529
0.193773
0.194017
0.194261
0.194505
0.194750
0.194994
0.195238
0.195482
0.195726
0.195971
0.196215
0.196459
0.196703
0.196947
0.197192
0.197436
0.197680
0.197924
0.198168
0.198413
0.198657
0.198901
0.199145
0.199389
0.199634
0.199878
0.200122
0.200366
0.200611
0.200855
0.201099
0.201343
0.201587
0.201832
0.202076
0.202320
0.202564
0.202808
0.203053
0.203297
0.203541
0.203785
0.204029
0.204274
0.204518
0.204762
0.205006
0.205250
0.205495
0.205739
0.205983
0.206227
0.206471
0.206716
0.206960
0.207204
0.207448
0.207692
0.207937
0.208181
0.208425
0.208669
0.208913
0.209158
0.209402
0.209646
0.209890
0.210134
0.210379
0.210623
0.210867
0.211111
0.211355
0.211600
0.211844
0.212088
0.212332
0.212576
0.212821
0.213065
0.213309
0.213553
0.213797
0.214042
0.214286
0.214530
0.214774
0.215018
0.215263
0.215507
0.215751
0.215995
0.216239
0.216484
0.216728
0.216972
0.217216
0.217460
0.217705
0.217949
0.218193
0.218437
0.218681
0.218926
0.219170
0.219414
0.219658
0.219902
0.220147
0.220391
0.220635
0.220879
0.221123
0.221368
0.221612
0.221856
0.222100
0.222344
0.222589
0.222833
0.223077
0.223321
0.223565
0.223810
0.224054
0.224298
0.224542
0.224786
0.225031
0.225275
0.225519
0.225763
0.226007
0.226252
0.226496
0.226740
0.226984
0.227228
0.227473
0.227717
0.227961
0.228205
0.228449
0.228694
0.228938
0.229182
0.229426
0.229670
0.229915
0.230159
0.230403
0.230647
0.230891
0.231136
0.231380
0.231624
0.231868
0.232112
0.232357
0.232601
0.232845
0.233089
0.233333
0.233578
0.233822
0.234066
0.234310
0.234554
0.234799
0.235043
0.235287
0.235531
0.235775
0.236020
0.236264
0.236508
0.236752
0.236996
0.237241
0.237485
0.237729
0.237973
0.238217
0.238462
0.238706
0.238950
0.239194
0.239438
0.239683
0.239927
0.240171
0.240415
0.240659
0.240904
0.241148
0.241392
0.241636
0.241880
0.242125
0.242369
0.242613
0.242857
0.243101
0.243346
0.243590
0.243834
0.244078
0.244322
0.244567
0.244811
0.245055
0.245299
0.245543
0.245788
0.246032
0.246276
0.246520
0.246764
0.247009
0.247253
0.247497
0.247741
0.247985
0.248230
0.248474
0.248718
0.248962
0.249206
0.249451
0.249695
0.249939
0.250183
0.250427
0.250672
0.250916
0.251160
0.251404
0.251648
0.251893
0.252137
0.252381
0.252625
0.252869
0.253114
0.253358
0.253602
0.253846
0.254090
0.254335
0.254579
0.254823
0.255067
0.255311
0.255556
0.255800
0.256044
0.256288
0.256532
0.256777
0.257021
0.257265
0.257509
0.257753
0.257998
0.258242
0.258486
0.258730
0.258974
0.259219
0.259463
0.259707
0.259951
0.260195
0.260440
0.260684
0.260928
0.261172
0.261416
0.261661
0.261905
0.262149
0.262393
0.262637
0.262882
0.263126
0.263370
0.263614
0.263858
0.264103
0.264347
0.264591
0.264835
0.265079
0.265324
0.265568
0.265812
0.266056
0.266300
0.266545
0.266789
0.267033
0.267277
0.267521
0.267766
0.268010
0.268254
0.268498
0.268742
0.268987
0.269231
0.269475
0.269719
0.269963
0.270208
0.270452
0.270696
0.270940
0.271184
0.271429
0.271673
0.271917
0.272161
0.272405
0.272650
0.272894
0.273138
0.273382
0.273626
0.273871
0.274115
0.274359
0.274603
0.274847
0.275092
0.275336
0.275580
0.275824
0.276068
0.276313
0.276557
0.276801
0.277045
0.277289
0.277534
0.277778
0.278022
0.278266
0.278510
0.278755
0.278999
0.279243
0.279487
0.279731
0.279976
0.280220
0.280464
0.280708
0.280952
0.281197
0.281441
0.281685
0.281929
0.282173
0.282418
0.282662
0.282906
0.283150
0.283394
0.283639
0.283883
0.284127
0.284371
0.284615
0.284860
0.285104
0.285348
0.285592
0.285836
0.286081
0.286325
0.286569
0.286813
0.287057
0.287302
0.287546
0.287790
0.288034
0.288278
0.288523
0.288767
0.289011
0.289255
0.289499
0.289744
0.289988
0.290232
0.290476
0.290720
0.290965
0.291209
0.291453
0.291697
0.291941
0.292186
0.292430
0.292674
0.292918
0.293162
0.293407
0.293651
0.293895
0.294139
0.294383
0.294628
0.294872
0.295116
0.295360
0.295604
0.295849
0.296093
0.296337
0.296581
0.296825
0.297070
0.297314
0.297558
0.297802
0.298046
0.298291
0.298535
0.298779
0.299023
0.299267
0.299512
0.299756
0.300000
0.300244
0.300488
0.300733
0.300977
0.301221
0.301465
0.301709
0.301954
0.302198
0.302442
0.302686
0.302930
0.303175
0.303419
0.303663
0.303907
0.304151
0.304396
0.304640
0.304884
0.305128
0.305372
0.305617
0.305861
0.306105
0.306349
0.306593
0.306838
0.307082
0.307326
0.307570
0.307814
0.308059
0.308303
0.308547
0.308791
0.309035
0.309280
0.309524
0.309768
0.310012
0.310256
0.310501
0.310745
0.310989
0.311233
0.311477
0.311722
0.311966
0.312210
0.312454
0.312698
0.312943
0.313187
0.313431
0.313675
0.313919
0.314164
0.314408
0.314652
0.314896
0.315140
0.315385
0.315629
0.315873
0.316117
0.316361
0.316606
0.316850
0.317094
0.317338
0.317582
0.317827
0.318071
0.318315
0.318559
0.318803
0.319048
0.319292
0.319536
0.319780
0.320024
0.320269
0.320513
0.320757
0.321001
0.321245
0.321490
0.321734
0.321978
0.322222
0.322466
0.322711
0.322955
0.323199
0.323443
0.323687
0.323932
0.324176
0.324420
0.324664
0.324908
0.325153
0.325397
0.325641
0.325885
0.326129
0.326374
0.326618
0.326862
0.327106
0.327350
0.327595
0.327839
0.328083
0.328327
0.328571
0.328816
0.329060
0.329304
0.329548
0.329792
0.330037
0.330281
0.330525
0.330769
0.331013
0.331258
0.331502
0.331746
0.331990
0.332234
0.332479
0.332723
0.332967
0.333211
0.333455
0.333700
0.333944
0.334188
0.334432
0.334676
0.334921
0.335165
0.335409
0.335653
0.335897
0.336142
0.336386
0.336630
0.336874
0.337118
0.337363
0.337607
0.337851
0.338095
0.338339
0.338584
0.338828
0.339072
0.339316
0.339560
0.339805
0.340049
0.340293
0.340537
0.340781
0.341026
0.341270
0.341514
0.341758
0.342002
0.342247
0.342491
0.342735
0.342979
0.343223
0.343468
0.343712
0.343956
0.344200
0.344444
0.344689
0.344933
0.345177
0.345421
0.345665
0.345910
0.346154
0.346398
0.346642
0.346886
0.347131
0.347375
0.347619
0.347863
0.348107
0.348352
0.348596
0.348840
0.349084
0.349328
0.349573
0.349817
0.350061
0.350305
0.350549
0.350794
0.351038
0.351282
0.351526
0.351770
0.352015
0.352259
0.352503
0.352747
0.352991
0.353236
0.353480
0.353724
0.353968
0.354212
0.354457
0.354701
0.354945
0.355189
0.355433
0.355678
0.355922
0.356166
0.356410
0.356654
0.356899
0.357143
0.357387
0.357631
0.357875
0.358120
0.358364
0.358608
0.358852
0.359096
0.359341
0.359585
0.359829
0.360073
0.360317
0.360562
0.360806
0.361050
0.361294
0.361538
0.361783
0.362027
0.362271
0.362515
0.362759
0.363004
0.363248
0.363492
0.363736
0.363980
0.364225
0.364469
0.364713
0.364957
0.365201
0.365446
0.365690
0.365934
0.366178
0.366422
0.366667
0.366911
0.367155
0.367399
0.367643
0.367888
0.368132
0.368376
0.368620
0.368864
0.369109
0.369353
0.369597
0.369841
0.370085
0.370330
0.370574
0.370818
0.371062
0.371306
0.371551
0.371795
0.372039
0.372283
0.372527
0.372772
0.373016
0.373260
0.373504
0.373748
0.373993
0.374237
0.374481
0.374725
0.374969
0.375214
0.375458
0.375702
0.375946
0.376190
0.376435
0.376679
0.376923
0.377167
0.377411
0.377656
0.377900
0.378144
0.378388
0.378632
0.378877
0.379121
0.379365
0.379609
0.379853
0.380098
0.380342
0.380586
0.380830
0.381074
0.381319
0.381563
0.381807
0.382051
0.382295
0.382540
0.382784
0.383028
0.383272
0.383516
0.383761
0.384005
0.384249
0.384493
0.384737
0.384982
0.385226
0.385470
0.385714
0.385958
0.386203
0.386447
0.386691
0.386935
0.387179
0.387424
0.387668
0.387912
0.388156
0.388400
0.388645
0.388889
0.389133
0.389377
0.389621
0.389866
0.390110
0.390354
0.390598
0.390842
0.391087
0.391331
0.391575
0.391819
0.392063
0.392308
0.392552
0.392796
0.393040
0.393284
0.393529
0.393773
0.394017
0.394261
0.394505
0.394750
0.394994
0.395238
0.395482
0.395726
0.395971
0.396215
0.396459
0.396703
0.396947
0.397192
0.397436
0.397680
0.397924
0.398168
0.398413
0.398657
0.398901
0.399145
0.399389
0.399634
0.399878
0.400122
0.400366
0.400611
0.400855
0.401099
0.401343
0.401587
0.401832
0.402076
0.402320
0.402564
0.402808
0.403053
0.403297
0.403541
0.403785
0.404029
0.404274
0.404518
0.404762
0.405006
0.405250
0.405495
0.405739
0.405983
0.406227
0.406471
0.406716
0.406960
0.407204
0.407448
0.407692
0.407937
0.408181
0.408425
0.408669
0.408913
0.409158
0.409402
0.409646
0.409890
0.410134
0.410379
0.410623
0.410867
0.411111
0.411355
0.411600
0.411844
0.412088
0.412332
0.412576
0.412821
0.413065
0.413309
0.413553
0.413797
0.414042
0.414286
0.414530
0.414774
0.415018
0.415263
0.415507
0.415751
0.415995
0.416239
0.416484
0.416728
0.416972
0.417216
0.417460
0.417705
0.417949
0.418193
0.418437
0.418681
0.418926
0.419170
0.419414
0.419658
0.419902
0.420147
0.420391
0.420635
0.420879
0.421123
0.421368
0.421612
0.421856
0.422100
0.422344
0.422589
0.422833
0.423077
0.423321
0.423565
0.423810
0.424054
0.424298
0.424542
0.424786
0.425031
0.425275
0.425519
0.425763
0.426007
0.426252
0.426496
0.426740
0.426984
0.427228
0.427473
0.427717
0.427961
0.428205
0.428449
0.428694
0.428938
0.429182
0.429426
0.429670
0.429915
0.430159
0.430403
0.430647
0.430891
0.431136
0.431380
0.431624
0.431868
0.432112
0.432357
0.432601
0.432845
0.433089
0.433333
0.433578
0.433822
0.434066
0.434310
0.434554
0.434799
0.435043
0.435287
0.435531
0.435775
0.436020
0.436264
0.436508
0.436752
0.436996
0.437241
0.437485
0.437729
0.437973
0.438217
0.438462
0.438706
0.438950
0.439194
0.439438
0.439683
0.439927
0.440171
0.440415
0.440659
0.440904
0.441148
0.441392
0.441636
0.441880
0.442125
0.442369
0.442613
0.442857
0.443101
0.443346
0.443590
0.443834
0.444078
0.444322
0.444567
0.444811
0.445055
0.445299
0.445543
0.445788
0.446032
0.446276
0.446520
0.446764
0.447009
0.447253
0.447497
0.447741
0.447985
0.448230
0.448474
0.448718
0.448962
0.449206
0.449451
0.449695
0.449939
0.450183
0.450427
0.450672
0.450916
0.451160
0.451404
0.451648
0.451893
0.452137
0.452381
0.452625
0.452869
0.453114
0.453358
0.453602
0.453846
0.454090
0.454335
0.454579
0.454823
0.455067
0.455311
0.455556
0.455800
0.456044
0.456288
0.456532
0.456777
0.457021
0.457265
0.457509
0.457753
0.457998
0.458242
0.458486
0.458730
0.458974
0.459219
0.459463
0.459707
0.459951
0.460195
0.460440
0.460684
0.460928
0.461172
0.461416
0.461661
0.461905
0.462149
0.462393
0.462637
0.462882
0.463126
0.463370
0.463614
0.463858
0.464103
0.464347
0.464591
0.464835
0.465079
0.465324
0.465568
0.465812
0.466056
0.466300
0.466545
0.466789
0.467033
0.467277
0.467521
0.467766
0.468010
0.468254
0.468498
0.468742
0.468987
0.469231
0.469475
0.469719
0.469963
0.470208
0.470452
0.470696
0.470940
0.471184
0.471429
0.471673
0.471917
0.472161
0.472405
0.472650
0.472894
0.473138
0.473382
0.473626
0.473871
0.474115
0.474359
0.474603
0.474847
0.475092
0.475336
0.475580
0.475824
0.476068
0.476313
0.476557
0.476801
0.477045
0.477289
0.477534
0.477778
0.478022
0.478266
0.478510
0.478755
0.478999
0.479243
0.479487
0.479731
0.479976
0.480220
0.480464
0.480708
0.480952
0.481197
0.481441
0.481685
0.481929
0.482173
0.482418
0.482662
0.482906
0.483150
0.483394
0.483639
0.483883
0.484127
0.484371
0.484615
0.484860
0.485104
0.485348
0.485592
0.485836
0.486081
0.486325
0.486569
0.486813
0.487057
0.487302
0.487546
0.487790
0.488034
0.488278
0.488523
0.488767
0.489011
0.489255
0.489499
0.489744
0.489988
0.490232
0.490476
0.490720
0.490965
0.491209
0.491453
0.491697
0.491941
0.492186
0.492430
0.492674
0.492918
0.493162
0.493407
0.493651
0.493895
0.494139
0.494383
0.494628
0.494872
0.495116
0.495360
0.495604
0.495849
0.496093
0.496337
0.496581
0.496825
0.497070
0.497314
0.497558
0.497802
0.498046
0.498291
0.498535
0.498779
0.499023
0.499267
0.499512
0.499756
0.500000
0.500227
0.500419
0.500576
0.500700
0.500789
0.500843
0.500864
0.500852
0.500805
0.500726
0.500612
0.500466
0.500287
0.500075
0.499831
0.499554
0.499244
0.498903
0.498529
0.498124
0.497687
0.497219
0.496719
0.496187
0.495625
0.495032
0.494408
0.493754
0.493069
0.492354
0.491609
0.490834
0.490029
0.489195
0.488331
0.487438
0.486516
0.485564
0.484584
0.483575
0.482538
0.481472
0.480378
0.479257
0.478107
0.476929
0.475724
0.474492
0.473232
0.471945
0.470632
0.469291
0.467924
0.466531
0.465111
0.463665
0.462194
0.460696
0.459173
0.457624
0.456050
0.454451
0.452826
0.451177
0.449503
0.447805
0.446082
0.444335
0.442564
0.440769
0.438951
0.437109
0.435243
0.433354
0.431442
0.429507
0.427549
0.425569
0.423566
0.421541
0.419493
0.417424
0.415333
0.413220
0.411086
0.408930
0.406753
0.404555
0.402336
0.400097
0.397837
0.395556
0.393255
0.390934
0.388593
0.386233
0.383853
0.381453
0.379034
0.376596
0.374139
0.371663
0.369169
0.366655
0.364124
0.361575
0.359007
0.356421
0.353818
0.351198
0.348559
0.345904
0.343232
0.340542
0.337836
0.335114
0.332375
0.329619
0.326848
0.324060
0.321257
0.318438
0.315604
0.312754
0.309889
0.307009
0.304114
0.301205
0.298281
0.295343
0.292390
0.289424
0.286443
0.283449
0.280441
0.277420
0.274385
0.271338
0.268277
0.265204
0.262118
0.259020
0.255909
0.252786
0.249651
0.246504
0.243346
0.240176
0.236995
0.233803
0.230599
0.227385
0.224160
0.220924
0.217678
0.214422
0.211155
0.207879
0.204593
0.201297
0.197992
0.194678
0.191354
0.188022
0.184681
0.181331
0.177972
0.174605
0.171230
0.167847
0.164457
0.161058
0.157652
0.154238
0.150818
0.147390
0.143955
0.140514
0.137066
0.133611
0.130151
0.126684
0.123211
0.119732
0.116248
0.112758
0.109263
0.105763
0.102258
0.098748
0.095233
0.091714
0.088190
0.084663
0.081131
0.077595
0.074055
0.070512
0.066966
0.063416
0.059863
0.056307
0.052749
0.049188
0.045624
0.042058
0.038490
0.034920
0.031348
0.027775
0.024199
0.020623
0.017045
0.013467
0.009887
0.006307
0.002726
-0.000855
-0.004436
-0.008018
-0.011599
-0.015180
-0.018761
-0.022341
-0.025921
-0.029500
-0.033077
-0.036654
-0.040229
-0.043802
-0.047374
-0.050944
-0.054512
-0.058078
-0.061642
-0.065203
-0.068762
-0.072317
-0.075870
-0.079420
-0.082967
-0.086510
-0.090049
-0.093585
-0.097117
-0.100645
-0.104168
-0.107687
-0.111202
-0.114712
-0.118217
-0.121718
-0.125213
-0.128702
-0.132187
-0.135665
-0.139138
-0.142605
-0.146066
-0.149520
-0.152968
-0.156409
-0.159844
-0.163272
-0.166693
-0.170106
-0.173512
-0.176911
-0.180302
-0.183685
-0.187060
-0.190426
-0.193785
-0.197135
-0.200476
-0.203809
-0.207132
-0.210447
-0.213752
-0.217047
-0.220333
-0.223610
-0.226876
-0.230132
-0.233378
-0.236614
-0.239839
-0.243053
-0.246257
-0.249449
-0.252630
-0.255800
-0.258959
-0.262105
-0.265240
-0.268363
-0.271474
-0.274572
-0.277658
-0.280731
-0.283792
-0.286840
-0.289874
-0.292895
-0.295903
-0.298897
-0.301878
-0.304844
-0.307797
-0.310735
-0.313659
-0.316569
-0.319463
-0.322343
-0.325208
-0.328058
-0.330892
-0.333711
-0.336514
-0.339302
-0.342073
-0.344829
-0.347568
-0.350291
-0.352997
-0.355686
-0.358358
-0.361014
-0.363652
-0.366273
-0.368876
-0.371461
-0.374029
-0.376578
-0.379110
-0.381623
-0.384117
-0.386593
-0.389050
-0.391488
-0.393907
-0.396307
-0.398687
-0.401048
-0.403388
-0.405709
-0.408010
-0.410291
-0.412551
-0.414790
-0.417009
-0.419207
-0.421384
-0.423540
-0.425674
-0.427787
-0.429878
-0.431948
-0.433995
-0.436020
-0.438023
-0.440003
-0.441961
-0.443896
-0.445808
-0.447697
-0.449563
-0.451405
-0.453224
-0.455019
-0.456790
-0.458537
-0.460259
-0.461958
-0.463631
-0.465281
-0.466905
-0.468504
-0.470078
-0.471627
-0.473150
-0.474648
-0.476120
-0.477565
-0.478985
-0.480379
-0.481746
-0.483086
-0.484400
-0.485686
-0.486946
-0.488178
-0.489384
-0.490561
-0.491711
-0.492833
-0.493926
-0.494992
-0.496029
-0.497038
-0.498018
-0.498970
-0.499892
-0.500785
-0.501649
-0.502484
-0.503288
-0.504063
-0.504809
-0.505524
-0.506208
-0.506863
-0.507486
-0.508080
-0.508642
-0.509173
-0.509673
-0.510141
-0.510578
-0.510984
-0.511357
-0.511699
-0.512008
-0.512285
-0.512530
-0.512741
-0.512921
-0.513067
-0.513180
-0.513260
-0.513306
-0.513319
-0.513298
-0.513243
-0.513154
-0.513031
-0.512873
-0.512681
-0.512454
-0.512210
-0.511966
